16
57 865 613 621 153 404 569 190 599 502 660 74 231 638 838 22
332 731 874 497 181 634 36 237 375 136 496 611 246 879 992 331
829 483 787 18 780 855 228 988 257 904 657 245 942 651 371 290
948 301 603 64 867 342 575 222 203 857 638 765 748 360 488 979
853 200 244 238 56 986 134 973 626 98 409 308 410 792 306 523
658 418 138 523 641 673 663 545 952 31 484 483 51 984 2 286
120 335 610 406 438 727 507 746 828 483 380 851 660 26 823 673
651 213 533 999 459 59 261 695 347 863 734 410 709 553 127 343
590 365 945 602 554 879 298 433 933 36 932 110 571 354 760 661
392 205 686 820 191 702 381 811 844 304 67 367 856 744 848 96
688 499 232 139 950 905 436 575 23 112 575 108 40 411 305 257
924 893 287 80 118 884 753 379 407 118 151 767 533 225 741 281
559 674 569 554 355 949 355 532 839 779 734 189 981 783 305 939
139 653 221 415 778 507 198 25 932 512 88 780 761 63 760 205
110 949 521 307 304 831 841 329 698 946 89 277 573 866 668 438
723 902 842 428 953 21 703 253 491 806 721 293 457 397 468 87
215 145 997 157 8 578 503 844 676 889 12 314 489 943 904 946
424 434 958 474 624 321 515 580 469 187 818 385 776 165 414 576
204 59 302 334 566 317 544 755 990 48 375 744 38 654 854 463
883 388 259 272 624 559 58 206 576 59 922 963 688 499 221 270
438 327 602 143 388 215 492 833 254 761 314 587 594 486 380 965
325 863 351 856 47 110 430 584 905 168 46 925 451 258 481 759
28 343 593 473 231 630 461 705 510 546 747 939 37 489 982 673
153 423 30 285 165 610 966 188 701 483 637 572 270 414 812 517
917 740 897 544 762 883 86 351 455 789 223 948 243 917 305 723
80 215 356 386 352 869 71 250 764 378 898 263 940 849 229 855
255 831 616 366 738 389 603 154 105 157 611 589 354 677 620 565
250 554 824 460 252 404 472 162 813 766 523 147 149 352 220 300
385 573 622 808 764 638 470 656 357 300 319 369 59 787 749 725
756 676 375 67 873 904 199 241 970 304 557 439 883 188 560 206
134 912 547 767 681 382 912 445 428 79 319 412 485 162 355 332
24 647 277 373 369 838 825 667 301 33 794 849 114 776 42 940
