32
878 905 269 56 725 756 47 79 516 903 208 680 699 844 399 975 285 367 959 902 329 596 790 257 91 316 145 782 682 1000 769 367
937 384 779 851 225 469 58 103 398 688 667 906 280 403 25 228 349 806 111 443 450 39 737 753 61 42 240 779 356 367 234 938
736 970 219 102 334 387 883 35 455 719 288 544 967 795 805 586 386 734 565 283 463 821 515 449 341 879 862 124 389 988 935 621
223 254 138 748 889 931 971 556 968 471 441 809 472 203 413 866 393 83 605 864 111 927 196 788 155 212 240 644 833 830 961 294
466 31 166 802 833 443 559 960 698 624 675 670 914 576 758 475 608 648 182 138 160 910 849 564 236 127 595 375 63 205 71 258
197 650 764 22 970 585 291 283 810 160 909 686 825 862 492 967 78 640 655 961 822 111 951 13 668 997 867 742 614 226 350 47
816 69 357 447 984 969 347 859 146 737 591 351 753 525 76 996 96 24 509 897 26 19 6 327 896 442 931 573 341 74 66 668
327 962 291 707 28 676 233 896 537 592 484 652 615 669 661 242 161 152 285 435 70 679 134 754 959 385 799 186 884 873 139 496
284 50 505 45 774 688 690 196 460 963 557 478 288 760 810 106 392 156 866 427 179 205 704 233 823 377 245 510 390 808 312 512
601 799 789 684 923 576 7 648 70 140 827 820 506 335 628 942 926 359 580 335 346 95 198 557 145 155 827 247 857 462 634 1
478 531 52 766 190 741 35 655 779 927 879 466 750 770 481 726 96 410 404 637 657 294 282 1000 196 209 732 710 206 968 332 643
636 785 725 478 246 882 993 267 545 238 474 955 374 813 744 203 46 711 693 65 62 927 40 689 578 926 317 899 865 515 667 99
494 357 274 264 424 632 204 438 537 368 252 623 412 257 508 741 749 648 132 680 463 242 197 629 987 666 580 978 861 88 749 120
319 643 519 419 534 563 456 593 227 6 319 85 878 885 500 623 281 509 834 641 570 862 121 307 146 346 607 806 559 518 252 930
796 232 88 96 882 133 327 898 314 619 704 927 13 918 755 848 884 734 534 405 869 543 232 33 880 778 588 283 77 506 578 480
200 974 396 677 459 787 937 779 96 907 22 543 172 199 587 519 990 802 385 1000 189 701 474 189 701 856 641 199 680 43 637 223
104 552 4 88 502 131 444 595 838 68 204 143 624 248 129 33 802 541 998 392 143 681 612 660 640 65 670 684 251 180 537 597
589 370 210 799 179 527 586 877 433 503 179 677 582 780 619 271 132 222 661 801 694 202 830 952 649 45 711 613 296 203 170 876
501 563 22 105 502 420 24 511 692 327 102 108 783 59 393 341 711 278 544 481 830 874 701 272 876 240 307 484 319 333 222 712
468 392 729 592 622 540 919 333 307 817 995 148 150 639 711 953 938 862 440 42 267 859 862 550 731 156 936 588 494 558 272 798
903 115 811 576 787 138 173 796 240 568 668 433 535 956 236 925 568 514 677 196 509 898 953 410 423 589 45 449 298 688 105 720
603 152 425 300 278 77 836 496 727 349 420 962 934 119 654 178 798 691 208 434 626 648 750 538 367 666 805 137 498 642 125 819
15 433 351 732 981 78 378 705 632 378 299 511 428 307 797 1000 501 581 246 494 926 199 589 808 811 722 459 805 792 617 943 192
15 809 992 683 90 235 856 723 102 287 801 997 899 738 974 281 756 409 707 323 779 509 767 747 570 955 517 857 836 541 624 713
331 907 279 375 803 801 381 530 109 979 481 4 421 783 961 494 568 952 392 519 327 651 143 377 375 69 249 770 813 859 290 774
220 375 49 189 216 51 317 856 779 468 797 169 281 398 53 709 712 773 908 867 828 502 389 44 303 516 179 985 67 916 918 216
354 629 468 68 27 376 410 75 938 25 305 322 472 493 363 178 414 753 780 453 697 668 394 696 997 931 699 413 228 940 947 303
566 240 558 527 258 206 736 764 235 921 39 901 465 327 622 798 517 244 269 918 311 156 898 464 13 398 261 408 907 717 679 999
708 162 346 912 628 320 679 598 498 249 843 630 998 143 425 793 856 63 872 841 153 261 658 598 396 954 263 208 97 635 105 58
604 808 51 259 775 285 906 248 35 174 749 702 76 373 595 345 158 739 793 706 532 617 334 955 484 563 468 541 402 45 704 507
547 2 61 253 304 450 6 257 140 751 317 885 944 746 562 528 505 314 852 159 327 878 897 416 513 390 486 450 137 480 863 616
743 142 687 333 472 876 768 642 187 777 530 35 289 543 82 44 335 72 465 732 863 261 596 228 938 361 98 148 878 143 689 594
871 621 910 570 926 334 86 741 344 570 472 925 333 164 976 705 65 809 367 198 837 125 291 96 909 158 762 825 80 201 335 966
358 736 582 672 447 417 64 288 424 8 489 901 647 237 468 551 352 481 360 16 607 38 853 208 54 115 808 438 661 515 468 867
970 172 361 321 349 363 887 532 799 423 29 760 578 94 212 825 907 82 934 18 508 2 233 651 493 77 621 263 518 461 179 965
590 803 812 633 966 144 957 780 208 63 629 496 696 77 497 788 717 740 35 126 231 263 683 753 686 399 523 71 696 561 407 310
715 595 337 875 266 225 232 826 867 732 227 958 989 777 376 318 962 995 138 482 493 913 826 953 170 696 693 725 633 141 826 74
913 674 386 206 327 493 249 944 354 573 724 925 501 856 976 718 807 444 221 527 331 893 968 965 542 988 801 102 447 765 680 710
270 74 538 294 772 780 223 113 57 800 127 220 20 188 358 322 929 870 894 588 159 831 325 179 455 420 91 802 313 441 55 460
582 557 776 15 858 655 32 286 16 139 658 524 197 617 200 994 282 756 395 247 77 1000 732 720 978 263 944 960 688 39 3 706
257 621 167 554 125 358 562 167 184 676 120 918 994 311 329 927 304 916 69 261 512 146 555 292 123 643 636 33 411 727 556 834
334 582 840 27 61 834 333 656 992 505 514 206 194 733 155 390 944 116 19 426 587 989 62 604 368 165 929 623 517 60 511 846
452 313 122 644 534 444 283 961 599 483 790 9 119 291 502 787 984 750 651 347 907 998 223 20 678 406 363 35 661 959 760 291
48 495 915 462 19 200 462 6 29 975 995 692 774 927 921 345 872 480 255 751 274 59 113 646 264 498 523 751 111 532 723 278
222 561 348 447 901 513 293 191 839 673 972 195 400 528 361 188 357 38 356 900 300 296 617 153 212 946 50 593 330 973 719 836
15 80 561 295 490 648 643 567 37 135 549 718 963 596 645 303 315 265 271 873 106 421 882 877 765 744 431 703 428 754 823 811
542 600 631 766 105 727 516 308 861 531 876 788 450 123 547 673 358 307 636 819 278 643 930 457 875 508 979 384 361 652 411 55
804 834 167 354 433 461 95 103 732 775 894 430 211 825 976 417 467 740 441 982 319 398 948 280 953 700 335 719 333 680 825 821
718 643 587 556 385 352 64 152 642 570 392 212 83 71 295 941 566 594 960 803 363 367 326 359 784 643 399 649 323 70 219 405
270 790 192 988 864 557 990 993 564 290 691 391 543 868 997 842 214 27 26 117 67 909 902 352 827 346 707 264 424 769 336 98
505 960 550 784 980 263 577 244 29 856 826 891 331 960 459 565 390 196 151 176 485 861 379 627 321 372 949 785 792 826 649 849
327 506 307 547 157 748 460 10 937 880 36 334 213 212 470 486 748 15 498 42 25 570 194 63 33 263 864 511 208 341 939 841
448 131 733 574 845 699 121 245 472 182 693 685 497 578 768 471 519 550 75 336 947 187 29 143 889 29 584 780 61 320 125 372
572 710 921 12 60 330 460 23 545 506 518 132 595 18 661 68 721 797 482 595 21 90 18 673 44 62 293 438 223 294 992 862
494 728 403 325 630 453 616 984 830 722 875 166 894 639 27 427 373 409 541 638 908 244 618 235 717 648 36 867 698 503 57 476
712 813 700 434 209 158 784 789 134 5 760 354 380 583 520 400 989 637 635 432 15 271 215 965 42 28 35 727 97 563 780 173
73 239 44 91 91 687 582 684 925 95 258 80 300 915 715 140 279 453 590 637 589 210 716 7 469 926 986 867 382 329 817 642
334 663 59 990 482 649 55 527 824 53 382 430 58 673 581 311 277 792 549 694 763 293 374 523 716 707 550 644 916 810 798 905
406 177 461 508 59 798 640 555 296 964 3 72 178 518 31 323 82 199 863 707 168 376 432 514 841 204 474 852 45 359 516 293
90 921 549 178 723 385 709 529 655 910 1 593 112 906 118 178 871 60 723 912 983 483 939 63 652 803 319 87 874 855 406 592
227 909 375 708 730 896 318 313 588 694 161 194 453 809 790 494 764 741 388 817 714 464 288 808 29 120 67 582 335 284 848 26
696 322 727 166 764 46 211 564 202 697 691 573 328 768 623 580 687 351 21 140 467 860 759 490 28 141 36 847 198 186 950 662
506 672 468 102 763 164 247 634 707 314 823 681 536 24 772 360 927 232 851 223 661 246 355 263 876 919 921 148 529 213 21 316
542 379 240 710 750 906 294 134 932 538 265 213 604 255 456 542 16 749 469 132 57 258 99 110 203 507 565 269 795 243 801 234
