64
150 737 437 523 592 928 715 378 756 996 553 314 480 694 158 571 568 365 367 191 480 122 247 427 989 526 579 451 371 482 129 148 173 411 647 462 222 404 186 999 948 731 15 853 21 352 473 110 79 649 493 724 170 798 299 559 642 220 569 597 364 759 246 648
420 39 801 595 860 18 948 735 968 577 552 372 241 121 33 453 571 244 261 876 555 331 350 322 390 599 756 679 210 959 365 493 703 965 121 188 14 598 281 945 237 88 244 465 460 216 501 978 708 634 692 78 94 525 276 248 515 389 885 700 751 71 579 822
812 228 970 758 703 263 32 930 34 618 848 455 942 118 494 663 411 181 153 543 922 76 441 333 395 673 984 821 634 349 163 255 712 946 579 414 679 155 860 475 50 732 150 465 502 274 948 60 215 268 417 736 939 1000 547 470 379 418 884 358 814 458 110 420
152 50 975 691 543 798 743 534 165 684 704 580 989 418 91 758 18 206 404 950 514 959 250 641 985 355 456 955 971 11 291 81 85 205 624 653 596 554 486 720 715 384 175 360 936 694 195 961 928 988 160 729 372 917 91 363 428 378 321 754 760 429 572 698
880 771 624 545 561 929 409 417 869 535 917 49 98 649 946 604 653 591 857 474 808 660 851 204 872 479 75 310 867 482 710 792 318 966 479 671 261 894 623 301 778 997 873 110 675 427 546 973 562 331 137 184 540 783 713 799 200 524 696 108 820 532 851 468
592 615 920 124 403 667 76 486 264 691 314 391 762 475 101 719 256 959 985 597 591 972 538 265 781 458 372 188 137 30 577 816 34 743 400 60 729 298 910 523 408 228 167 44 972 215 792 37 920 738 216 154 320 912 298 485 819 833 75 572 168 669 542 784
658 163 908 333 692 659 345 458 682 79 505 753 436 787 340 269 993 355 88 406 209 294 889 352 912 24 787 933 907 123 637 324 698 904 400 357 83 891 25 300 991 833 236 460 975 487 407 486 956 457 458 650 129 641 596 961 158 228 343 159 913 251 225 419
696 429 974 497 388 870 431 252 180 166 661 823 416 591 426 960 988 16 727 423 196 334 499 989 925 551 751 162 304 409 737 483 16 54 654 525 949 549 750 527 707 407 203 946 641 23 689 506 840 553 7 476 467 531 294 895 988 762 492 113 456 43 610 757
372 694 705 45 741 523 210 665 49 735 32 283 575 548 652 295 23 232 367 313 793 931 474 451 374 74 305 578 188 719 622 913 334 90 201 111 618 81 746 284 310 89 754 524 162 708 300 108 83 571 294 976 107 208 86 289 740 251 740 866 935 371 859 950
468 725 263 770 335 229 161 245 11 555 51 453 33 748 555 481 594 174 774 866 726 909 572 510 163 795 800 515 545 32 665 464 296 152 140 270 191 596 182 866 568 650 410 969 781 854 824 623 130 98 87 133 259 740 558 612 120 407 517 62 190 879 453 82
197 942 489 461 540 637 597 652 199 716 563 962 748 213 243 233 286 699 962 665 602 789 444 890 720 946 704 448 725 111 229 276 102 964 80 238 29 339 672 273 183 467 764 915 824 468 551 99 732 496 747 264 782 617 70 130 164 978 496 433 273 77 553 117
114 872 799 804 164 976 437 58 806 142 525 350 685 854 760 935 56 818 169 843 514 520 348 453 547 108 615 831 728 284 516 816 38 459 742 207 944 779 916 290 46 402 434 23 648 604 245 37 861 615 859 736 539 892 920 194 265 385 709 471 129 965 64 729
84 179 356 618 903 545 637 484 354 525 683 270 715 687 714 845 316 475 583 483 573 207 25 562 2 250 733 456 641 932 796 193 777 218 118 799 689 149 976 900 688 117 303 68 372 970 74 409 17 65 835 707 818 223 721 220 397 542 931 757 797 316 140 608
823 303 276 211 393 636 89 894 244 188 880 966 445 400 528 176 316 909 829 354 938 183 247 566 928 697 807 600 225 91 881 443 234 390 637 660 329 407 495 408 201 48 826 360 262 328 639 932 60 212 857 150 396 43 141 602 485 986 509 516 241 363 578 17
522 437 626 915 885 281 707 59 934 856 197 142 201 283 552 572 307 726 282 703 365 649 910 757 739 761 716 126 959 871 462 432 748 448 858 3 213 244 150 647 244 349 916 975 95 792 286 382 538 29 948 101 354 755 225 688 906 852 633 705 16 993 5 933
224 24 152 814 204 178 539 585 66 192 56 27 152 179 265 268 227 488 392 19 877 887 607 591 644 396 24 723 718 269 116 519 252 579 913 82 630 23 377 977 661 940 214 800 122 178 338 231 16 628 519 919 397 671 45 322 923 897 242 531 35 34 491 351
989 489 358 137 924 643 225 797 729 685 725 562 144 761 22 478 611 682 267 5 420 938 174 762 641 511 295 592 183 122 248 470 159 861 704 462 214 888 808 851 971 187 596 82 444 757 833 471 536 917 351 229 198 921 484 357 333 851 54 59 339 286 237 774
257 730 93 509 758 748 236 999 942 275 817 378 394 218 800 806 947 200 544 280 324 562 736 92 428 294 782 149 107 907 231 986 1 922 153 613 180 621 526 441 731 828 866 972 174 195 243 356 408 565 565 621 159 488 195 29 699 42 218 981 98 145 200 312
271 951 933 495 654 270 841 304 350 420 284 732 927 332 654 460 348 848 320 483 897 108 647 696 357 434 573 833 626 36 617 14 717 723 311 939 197 294 546 927 79 693 207 798 63 118 5 334 390 604 542 634 279 142 447 790 781 144 283 452 777 259 214 300
442 855 567 272 950 271 119 737 690 368 286 865 424 831 557 818 928 941 628 408 960 91 307 481 46 254 55 790 599 393 863 255 284 941 848 80 664 221 776 254 390 405 39 193 174 985 617 930 971 206 154 509 258 698 159 228 76 312 867 47 827 266 39 838
920 22 342 402 462 652 997 570 199 143 984 398 25 912 239 64 333 114 618 936 205 555 405 13 884 129 89 506 697 245 6 932 267 804 187 62 382 801 17 246 268 950 160 73 751 704 587 847 818 376 848 539 37 320 703 932 920 119 977 304 799 542 703 13
375 26 934 797 230 199 613 525 12 337 79 39 141 849 549 81 816 509 637 494 852 795 310 976 778 662 18 232 148 179 285 281 126 489 830 9 971 549 55 126 654 901 975 835 824 675 11 25 674 948 410 564 412 747 794 810 139 983 57 324 586 750 596 59
304 589 205 490 455 378 578 913 191 896 711 86 83 351 347 230 92 958 344 112 429 557 378 742 478 905 407 127 649 414 272 195 747 710 255 399 769 306 678 17 772 588 464 265 937 77 127 862 366 607 914 753 351 416 409 14 525 383 390 133 966 790 461 611
142 212 510 455 381 405 935 997 896 26 49 513 108 718 465 944 978 752 613 838 618 720 669 511 494 440 525 545 839 323 3 954 434 725 781 337 99 282 629 528 811 69 518 534 288 20 671 753 444 258 55 81 286 880 519 786 499 858 258 43 268 182 967 263
503 142 459 69 253 135 722 629 615 790 438 647 326 721 759 500 995 407 727 463 895 630 757 736 726 834 968 543 595 259 346 589 813 783 147 110 372 695 98 909 390 787 561 902 956 135 619 355 479 620 851 725 631 151 16 454 780 472 495 219 394 89 384 901
432 328 686 678 72 958 184 856 413 774 909 965 845 937 347 241 187 556 419 285 141 901 119 946 817 811 602 362 245 153 200 591 917 749 989 573 162 702 297 827 628 646 758 998 262 434 567 838 88 325 963 698 978 812 363 378 675 420 324 211 84 394 710 810
456 446 785 29 183 600 729 170 657 605 243 417 423 577 457 229 101 532 322 354 124 841 368 721 462 29 81 327 607 90 753 143 314 428 188 532 128 436 914 442 205 450 337 169 513 567 398 891 640 359 812 513 550 445 546 994 156 568 92 218 864 980 919 918
997 333 36 688 854 42 629 168 66 200 930 264 666 505 422 933 595 726 571 52 674 405 400 814 112 605 314 134 354 987 720 359 905 968 356 433 939 20 361 486 314 403 476 309 392 381 615 870 725 311 414 93 475 145 792 893 405 187 736 939 827 350 239 530
451 654 941 797 216 317 331 74 662 517 758 959 434 728 385 198 376 642 627 46 444 783 177 633 238 37 297 800 601 814 954 295 449 943 888 12 313 300 312 428 759 750 881 222 2 851 635 658 697 327 917 966 294 40 778 439 77 274 412 139 990 210 796 41
775 722 689 564 899 284 725 961 306 914 403 997 113 9 143 937 752 810 417 513 640 43 966 540 925 953 751 962 970 647 482 72 589 209 167 202 458 384 861 665 695 396 238 908 255 885 653 677 153 443 340 140 376 838 105 158 907 882 609 369 466 908 380 972
880 249 860 137 334 715 827 884 318 537 766 290 201 322 613 810 161 971 824 335 599 966 936 65 195 472 845 18 868 283 409 662 409 481 792 213 242 253 644 307 592 126 95 814 286 693 187 485 328 431 375 457 430 304 402 250 557 153 9 112 257 746 67 887
758 145 270 797 722 936 272 306 22 361 712 987 451 809 349 807 809 185 910 278 476 513 974 843 830 290 750 168 876 171 253 631 826 569 414 101 216 96 774 335 24 292 99 324 46 10 738 951 878 859 986 744 887 735 210 184 84 833 88 144 966 23 606 968
151 847 499 96 420 970 920 423 84 206 805 267 823 107 181 311 552 833 957 349 989 671 647 967 36 437 484 57 358 849 519 696 630 780 44 762 446 230 433 123 981 509 745 325 200 996 499 915 706 386 168 742 62 809 281 328 519 306 718 715 374 425 35 137
474 960 181 137 376 336 349 922 331 547 65 708 47 444 375 423 427 778 580 524 479 243 238 264 51 252 658 807 338 960 309 64 214 848 409 450 965 319 542 311 46 66 887 135 296 291 303 619 205 504 192 65 385 983 555 28 597 524 457 135 188 146 663 711
530 391 670 401 201 715 116 804 619 620 606 673 740 26 578 787 631 77 613 314 799 48 926 224 653 22 254 807 599 300 132 237 581 179 605 822 7 200 160 667 223 407 664 618 897 94 696 408 57 934 221 290 275 183 769 482 710 990 851 909 465 859 158 631
623 682 76 832 746 648 547 34 629 49 70 255 942 749 502 770 693 890 337 628 364 107 279 525 900 640 51 665 657 447 834 494 249 597 563 688 169 113 914 162 646 164 858 535 929 785 62 480 644 179 587 214 79 609 943 635 201 667 867 273 588 309 381 800
941 907 467 173 40 766 318 533 590 426 858 811 875 810 809 570 511 275 222 118 965 432 890 784 111 19 716 324 247 447 49 720 991 435 813 727 572 564 321 527 350 972 390 470 95 85 101 128 38 540 352 891 308 365 365 163 962 141 492 97 741 834 607 191
771 561 798 972 826 2 94 564 350 180 494 407 453 196 602 230 995 983 869 236 235 702 614 509 611 611 579 1 124 502 328 178 591 777 336 902 274 840 433 698 395 71 551 880 351 787 36 996 154 736 799 366 508 595 763 966 488 680 342 469 710 313 995 632
814 902 593 93 670 352 460 785 742 731 508 347 885 63 386 87 724 455 586 781 998 567 648 252 608 240 345 473 732 251 550 875 836 994 867 621 881 442 874 746 130 434 902 301 791 799 905 594 355 754 931 974 158 766 457 236 244 95 823 220 22 364 523 619
602 794 327 122 137 185 595 920 25 578 627 787 70 16 987 259 387 397 980 536 841 719 886 133 534 860 11 690 374 7 800 678 681 22 811 50 478 998 508 911 546 173 860 656 185 622 127 220 983 971 863 68 499 453 837 166 993 56 731 270 853 747 645 407
386 711 845 115 80 674 347 851 640 91 33 380 440 415 14 221 707 940 804 82 106 751 202 21 613 671 363 765 561 722 479 890 332 809 437 901 465 646 287 121 959 540 265 483 57 324 938 755 747 186 939 256 826 264 632 595 641 531 466 925 897 813 432 183
606 773 289 888 358 966 400 514 39 154 771 514 873 366 474 843 758 889 645 185 625 331 842 491 38 739 191 225 544 350 243 388 422 505 402 643 617 285 531 917 95 722 666 167 920 422 23 616 315 577 108 871 748 327 631 750 136 594 644 394 765 273 146 52
247 375 959 890 295 873 158 12 309 536 234 293 327 511 318 557 623 618 461 339 101 372 514 656 779 457 750 773 29 472 734 749 177 387 146 268 613 985 340 459 56 973 934 637 789 214 705 720 363 732 726 997 73 865 121 986 452 819 826 529 194 441 643 212
622 738 935 204 441 231 227 380 517 708 243 836 187 892 759 161 424 799 83 49 768 885 834 235 218 70 895 69 308 938 970 811 600 756 141 243 22 158 498 891 901 177 988 102 182 886 505 711 619 221 931 45 958 734 105 669 79 607 561 393 293 583 23 488
692 642 906 298 190 616 447 758 108 919 593 542 952 590 918 265 292 421 819 508 916 917 78 580 64 861 55 747 754 253 974 77 871 946 690 312 716 701 619 666 228 912 292 261 947 725 586 372 223 607 154 324 817 675 606 264 547 765 21 689 184 3 358 341
442 986 583 689 107 219 41 964 701 988 569 720 695 798 809 831 175 944 180 965 707 895 468 255 720 648 394 211 272 684 544 171 206 678 707 104 45 994 413 893 243 113 345 118 284 293 571 592 952 885 883 915 90 151 413 433 174 153 372 931 790 419 152 780
239 838 360 460 455 193 38 413 187 946 639 996 239 883 428 357 734 60 270 966 575 150 292 612 185 845 590 63 486 201 778 110 1000 513 429 891 141 79 301 854 145 813 51 560 813 499 18 237 103 542 567 792 613 584 752 562 501 804 603 976 782 667 922 601
973 578 453 501 971 214 522 968 113 801 418 913 406 226 538 768 328 162 424 492 982 875 454 308 705 736 159 738 655 685 662 328 906 989 642 848 570 772 54 814 773 270 2 565 368 649 786 442 899 216 79 764 683 682 232 504 954 255 432 894 624 774 620 678
432 513 465 158 636 92 670 79 738 140 199 128 120 811 894 919 693 385 918 612 537 796 74 368 204 48 177 870 572 535 529 276 782 407 179 575 796 151 749 964 226 173 447 84 940 247 817 843 858 811 888 326 601 227 841 168 214 328 3 736 861 767 714 791
286 482 74 4 903 746 496 222 824 305 101 115 540 147 365 471 226 929 911 239 790 596 384 482 313 139 749 423 110 221 667 164 111 535 616 211 295 571 810 796 932 154 396 589 340 625 301 209 772 868 526 822 134 754 865 856 154 27 942 427 602 806 502 318
802 451 273 924 192 342 931 426 966 988 21 287 296 295 153 194 938 87 868 29 568 722 894 501 129 190 715 217 806 728 452 259 184 370 441 846 879 702 42 913 630 817 246 817 146 377 195 881 730 544 67 535 378 333 626 155 385 369 426 894 1 767 238 420
404 636 549 639 90 587 505 353 662 584 216 776 603 413 515 635 9 648 323 125 892 959 371 147 390 566 973 731 461 766 234 118 709 782 897 505 624 76 517 312 538 247 402 229 702 942 385 771 620 904 861 803 663 703 922 264 50 704 268 777 327 454 406 31
65 294 511 348 155 854 207 381 184 917 47 374 13 847 242 824 371 342 582 259 792 661 586 826 938 856 34 540 880 920 214 376 594 822 700 842 89 169 636 8 995 916 648 793 709 682 45 410 439 323 293 288 8 601 217 208 402 725 935 364 416 8 652 967
700 222 188 876 476 268 649 458 701 415 950 32 824 241 282 921 339 499 479 148 105 586 43 491 691 612 608 831 259 580 25 602 370 483 777 586 162 773 632 745 198 416 163 931 295 455 947 261 372 128 587 758 747 308 402 643 343 980 500 128 210 980 52 662
53 553 518 465 274 834 220 616 99 793 453 60 329 868 228 894 224 650 681 639 893 957 321 203 110 116 764 278 997 36 28 864 330 134 865 174 13 131 551 766 771 47 691 537 214 105 440 884 620 160 816 40 590 325 679 821 350 934 685 87 881 463 902 909
695 922 532 421 260 141 310 2 752 592 574 922 68 655 20 137 24 209 522 356 985 337 6 760 390 422 762 571 34 542 729 319 633 343 563 198 691 242 443 693 769 432 229 687 164 542 187 78 116 963 506 566 336 927 402 649 366 722 482 656 96 89 213 696
204 868 824 231 108 571 527 716 16 316 753 377 983 729 700 208 682 442 294 809 581 934 375 574 438 436 766 710 976 908 207 1 610 762 38 191 737 929 568 665 688 306 245 426 287 235 187 412 558 621 717 29 248 248 234 327 425 124 16 638 914 78 663 36
44 859 487 609 209 459 708 800 459 472 559 879 914 422 892 935 10 416 843 366 440 162 256 890 619 722 208 438 17 663 475 684 276 150 578 165 431 847 312 380 1000 686 59 374 214 980 728 324 784 674 242 340 148 773 425 621 690 1 331 962 89 192 627 958
394 591 268 890 329 595 781 343 928 813 206 337 640 732 472 339 81 397 223 205 174 425 154 936 950 754 929 442 95 119 484 968 916 247 411 900 370 674 982 720 93 443 237 174 338 256 844 350 910 257 536 646 783 583 469 809 702 72 262 138 380 437 389 671
39 970 189 428 240 200 70 389 869 40 561 186 843 146 364 838 397 188 228 996 567 241 313 908 955 37 902 308 252 988 737 222 148 128 327 165 562 324 932 706 553 952 546 565 48 281 371 107 303 239 293 418 8 565 882 42 855 578 538 260 285 688 190 702
328 762 257 128 707 347 991 819 976 224 897 170 217 706 958 273 878 499 216 719 224 440 777 387 159 23 869 924 144 380 77 930 953 789 477 897 922 233 685 706 779 13 603 832 706 915 148 778 400 702 376 511 146 254 316 408 514 672 130 845 675 286 320 943
419 308 285 17 86 834 150 305 965 793 820 192 626 824 479 981 712 125 917 90 126 900 182 572 125 502 768 832 264 743 63 42 239 404 130 715 704 159 633 333 550 275 677 603 527 308 207 856 386 327 64 924 834 125 275 783 11 388 47 111 137 571 147 497
815 797 598 521 18 845 32 89 532 133 798 633 880 905 128 408 899 796 51 33 268 430 402 233 421 983 322 755 185 170 105 744 263 537 408 130 678 422 433 960 178 723 45 205 773 341 546 909 222 841 717 250 70 494 192 972 784 298 965 739 49 812 209 390
188 879 976 693 860 815 434 409 231 39 441 165 12 511 295 258 471 163 51 504 493 888 479 764 340 393 453 811 272 664 265 111 798 262 435 479 469 392 60 203 285 184 818 275 516 191 458 452 316 472 177 259 494 52 342 589 498 721 343 839 782 48 792 369
150 737 437 523 592 928 715 378 756 996 553 314 480 694 158 571 568 365 367 191 480 122 247 427 989 526 579 451 371 482 129 148 173 411 647 462 222 404 186 999 948 731 15 853 21 352 473 110 79 649 493 724 170 798 299 559 642 220 569 597 364 759 246 648
420 39 801 595 860 18 948 735 968 577 552 372 241 121 33 453 571 244 261 876 555 331 350 322 390 599 756 679 210 959 365 493 703 965 121 188 14 598 281 945 237 88 244 465 460 216 501 978 708 634 692 78 94 525 276 248 515 389 885 700 751 71 579 822
812 228 970 758 703 263 32 930 34 618 848 455 942 118 494 663 411 181 153 543 922 76 441 333 395 673 984 821 634 349 163 255 712 946 579 414 679 155 860 475 50 732 150 465 502 274 948 60 215 268 417 736 939 1000 547 470 379 418 884 358 814 458 110 420
152 50 975 691 543 798 743 534 165 684 704 580 989 418 91 758 18 206 404 950 514 959 250 641 985 355 456 955 971 11 291 81 85 205 624 653 596 554 486 720 715 384 175 360 936 694 195 961 928 988 160 729 372 917 91 363 428 378 321 754 760 429 572 698
880 771 624 545 561 929 409 417 869 535 917 49 98 649 946 604 653 591 857 474 808 660 851 204 872 479 75 310 867 482 710 792 318 966 479 671 261 894 623 301 778 997 873 110 675 427 546 973 562 331 137 184 540 783 713 799 200 524 696 108 820 532 851 468
592 615 920 124 403 667 76 486 264 691 314 391 762 475 101 719 256 959 985 597 591 972 538 265 781 458 372 188 137 30 577 816 34 743 400 60 729 298 910 523 408 228 167 44 972 215 792 37 920 738 216 154 320 912 298 485 819 833 75 572 168 669 542 784
658 163 908 333 692 659 345 458 682 79 505 753 436 787 340 269 993 355 88 406 209 294 889 352 912 24 787 933 907 123 637 324 698 904 400 357 83 891 25 300 991 833 236 460 975 487 407 486 956 457 458 650 129 641 596 961 158 228 343 159 913 251 225 419
696 429 974 497 388 870 431 252 180 166 661 823 416 591 426 960 988 16 727 423 196 334 499 989 925 551 751 162 304 409 737 483 16 54 654 525 949 549 750 527 707 407 203 946 641 23 689 506 840 553 7 476 467 531 294 895 988 762 492 113 456 43 610 757
372 694 705 45 741 523 210 665 49 735 32 283 575 548 652 295 23 232 367 313 793 931 474 451 374 74 305 578 188 719 622 913 334 90 201 111 618 81 746 284 310 89 754 524 162 708 300 108 83 571 294 976 107 208 86 289 740 251 740 866 935 371 859 950
468 725 263 770 335 229 161 245 11 555 51 453 33 748 555 481 594 174 774 866 726 909 572 510 163 795 800 515 545 32 665 464 296 152 140 270 191 596 182 866 568 650 410 969 781 854 824 623 130 98 87 133 259 740 558 612 120 407 517 62 190 879 453 82
197 942 489 461 540 637 597 652 199 716 563 962 748 213 243 233 286 699 962 665 602 789 444 890 720 946 704 448 725 111 229 276 102 964 80 238 29 339 672 273 183 467 764 915 824 468 551 99 732 496 747 264 782 617 70 130 164 978 496 433 273 77 553 117
114 872 799 804 164 976 437 58 806 142 525 350 685 854 760 935 56 818 169 843 514 520 348 453 547 108 615 831 728 284 516 816 38 459 742 207 944 779 916 290 46 402 434 23 648 604 245 37 861 615 859 736 539 892 920 194 265 385 709 471 129 965 64 729
84 179 356 618 903 545 637 484 354 525 683 270 715 687 714 845 316 475 583 483 573 207 25 562 2 250 733 456 641 932 796 193 777 218 118 799 689 149 976 900 688 117 303 68 372 970 74 409 17 65 835 707 818 223 721 220 397 542 931 757 797 316 140 608
823 303 276 211 393 636 89 894 244 188 880 966 445 400 528 176 316 909 829 354 938 183 247 566 928 697 807 600 225 91 881 443 234 390 637 660 329 407 495 408 201 48 826 360 262 328 639 932 60 212 857 150 396 43 141 602 485 986 509 516 241 363 578 17
522 437 626 915 885 281 707 59 934 856 197 142 201 283 552 572 307 726 282 703 365 649 910 757 739 761 716 126 959 871 462 432 748 448 858 3 213 244 150 647 244 349 916 975 95 792 286 382 538 29 948 101 354 755 225 688 906 852 633 705 16 993 5 933
224 24 152 814 204 178 539 585 66 192 56 27 152 179 265 268 227 488 392 19 877 887 607 591 644 396 24 723 718 269 116 519 252 579 913 82 630 23 377 977 661 940 214 800 122 178 338 231 16 628 519 919 397 671 45 322 923 897 242 531 35 34 491 351
989 489 358 137 924 643 225 797 729 685 725 562 144 761 22 478 611 682 267 5 420 938 174 762 641 511 295 592 183 122 248 470 159 861 704 462 214 888 808 851 971 187 596 82 444 757 833 471 536 917 351 229 198 921 484 357 333 851 54 59 339 286 237 774
257 730 93 509 758 748 236 999 942 275 817 378 394 218 800 806 947 200 544 280 324 562 736 92 428 294 782 149 107 907 231 986 1 922 153 613 180 621 526 441 731 828 866 972 174 195 243 356 408 565 565 621 159 488 195 29 699 42 218 981 98 145 200 312
271 951 933 495 654 270 841 304 350 420 284 732 927 332 654 460 348 848 320 483 897 108 647 696 357 434 573 833 626 36 617 14 717 723 311 939 197 294 546 927 79 693 207 798 63 118 5 334 390 604 542 634 279 142 447 790 781 144 283 452 777 259 214 300
442 855 567 272 950 271 119 737 690 368 286 865 424 831 557 818 928 941 628 408 960 91 307 481 46 254 55 790 599 393 863 255 284 941 848 80 664 221 776 254 390 405 39 193 174 985 617 930 971 206 154 509 258 698 159 228 76 312 867 47 827 266 39 838
920 22 342 402 462 652 997 570 199 143 984 398 25 912 239 64 333 114 618 936 205 555 405 13 884 129 89 506 697 245 6 932 267 804 187 62 382 801 17 246 268 950 160 73 751 704 587 847 818 376 848 539 37 320 703 932 920 119 977 304 799 542 703 13
375 26 934 797 230 199 613 525 12 337 79 39 141 849 549 81 816 509 637 494 852 795 310 976 778 662 18 232 148 179 285 281 126 489 830 9 971 549 55 126 654 901 975 835 824 675 11 25 674 948 410 564 412 747 794 810 139 983 57 324 586 750 596 59
304 589 205 490 455 378 578 913 191 896 711 86 83 351 347 230 92 958 344 112 429 557 378 742 478 905 407 127 649 414 272 195 747 710 255 399 769 306 678 17 772 588 464 265 937 77 127 862 366 607 914 753 351 416 409 14 525 383 390 133 966 790 461 611
142 212 510 455 381 405 935 997 896 26 49 513 108 718 465 944 978 752 613 838 618 720 669 511 494 440 525 545 839 323 3 954 434 725 781 337 99 282 629 528 811 69 518 534 288 20 671 753 444 258 55 81 286 880 519 786 499 858 258 43 268 182 967 263
503 142 459 69 253 135 722 629 615 790 438 647 326 721 759 500 995 407 727 463 895 630 757 736 726 834 968 543 595 259 346 589 813 783 147 110 372 695 98 909 390 787 561 902 956 135 619 355 479 620 851 725 631 151 16 454 780 472 495 219 394 89 384 901
432 328 686 678 72 958 184 856 413 774 909 965 845 937 347 241 187 556 419 285 141 901 119 946 817 811 602 362 245 153 200 591 917 749 989 573 162 702 297 827 628 646 758 998 262 434 567 838 88 325 963 698 978 812 363 378 675 420 324 211 84 394 710 810
456 446 785 29 183 600 729 170 657 605 243 417 423 577 457 229 101 532 322 354 124 841 368 721 462 29 81 327 607 90 753 143 314 428 188 532 128 436 914 442 205 450 337 169 513 567 398 891 640 359 812 513 550 445 546 994 156 568 92 218 864 980 919 918
997 333 36 688 854 42 629 168 66 200 930 264 666 505 422 933 595 726 571 52 674 405 400 814 112 605 314 134 354 987 720 359 905 968 356 433 939 20 361 486 314 403 476 309 392 381 615 870 725 311 414 93 475 145 792 893 405 187 736 939 827 350 239 530
451 654 941 797 216 317 331 74 662 517 758 959 434 728 385 198 376 642 627 46 444 783 177 633 238 37 297 800 601 814 954 295 449 943 888 12 313 300 312 428 759 750 881 222 2 851 635 658 697 327 917 966 294 40 778 439 77 274 412 139 990 210 796 41
775 722 689 564 899 284 725 961 306 914 403 997 113 9 143 937 752 810 417 513 640 43 966 540 925 953 751 962 970 647 482 72 589 209 167 202 458 384 861 665 695 396 238 908 255 885 653 677 153 443 340 140 376 838 105 158 907 882 609 369 466 908 380 972
880 249 860 137 334 715 827 884 318 537 766 290 201 322 613 810 161 971 824 335 599 966 936 65 195 472 845 18 868 283 409 662 409 481 792 213 242 253 644 307 592 126 95 814 286 693 187 485 328 431 375 457 430 304 402 250 557 153 9 112 257 746 67 887
758 145 270 797 722 936 272 306 22 361 712 987 451 809 349 807 809 185 910 278 476 513 974 843 830 290 750 168 876 171 253 631 826 569 414 101 216 96 774 335 24 292 99 324 46 10 738 951 878 859 986 744 887 735 210 184 84 833 88 144 966 23 606 968
151 847 499 96 420 970 920 423 84 206 805 267 823 107 181 311 552 833 957 349 989 671 647 967 36 437 484 57 358 849 519 696 630 780 44 762 446 230 433 123 981 509 745 325 200 996 499 915 706 386 168 742 62 809 281 328 519 306 718 715 374 425 35 137
474 960 181 137 376 336 349 922 331 547 65 708 47 444 375 423 427 778 580 524 479 243 238 264 51 252 658 807 338 960 309 64 214 848 409 450 965 319 542 311 46 66 887 135 296 291 303 619 205 504 192 65 385 983 555 28 597 524 457 135 188 146 663 711
530 391 670 401 201 715 116 804 619 620 606 673 740 26 578 787 631 77 613 314 799 48 926 224 653 22 254 807 599 300 132 237 581 179 605 822 7 200 160 667 223 407 664 618 897 94 696 408 57 934 221 290 275 183 769 482 710 990 851 909 465 859 158 631
623 682 76 832 746 648 547 34 629 49 70 255 942 749 502 770 693 890 337 628 364 107 279 525 900 640 51 665 657 447 834 494 249 597 563 688 169 113 914 162 646 164 858 535 929 785 62 480 644 179 587 214 79 609 943 635 201 667 867 273 588 309 381 800
941 907 467 173 40 766 318 533 590 426 858 811 875 810 809 570 511 275 222 118 965 432 890 784 111 19 716 324 247 447 49 720 991 435 813 727 572 564 321 527 350 972 390 470 95 85 101 128 38 540 352 891 308 365 365 163 962 141 492 97 741 834 607 191
771 561 798 972 826 2 94 564 350 180 494 407 453 196 602 230 995 983 869 236 235 702 614 509 611 611 579 1 124 502 328 178 591 777 336 902 274 840 433 698 395 71 551 880 351 787 36 996 154 736 799 366 508 595 763 966 488 680 342 469 710 313 995 632
814 902 593 93 670 352 460 785 742 731 508 347 885 63 386 87 724 455 586 781 998 567 648 252 608 240 345 473 732 251 550 875 836 994 867 621 881 442 874 746 130 434 902 301 791 799 905 594 355 754 931 974 158 766 457 236 244 95 823 220 22 364 523 619
602 794 327 122 137 185 595 920 25 578 627 787 70 16 987 259 387 397 980 536 841 719 886 133 534 860 11 690 374 7 800 678 681 22 811 50 478 998 508 911 546 173 860 656 185 622 127 220 983 971 863 68 499 453 837 166 993 56 731 270 853 747 645 407
386 711 845 115 80 674 347 851 640 91 33 380 440 415 14 221 707 940 804 82 106 751 202 21 613 671 363 765 561 722 479 890 332 809 437 901 465 646 287 121 959 540 265 483 57 324 938 755 747 186 939 256 826 264 632 595 641 531 466 925 897 813 432 183
606 773 289 888 358 966 400 514 39 154 771 514 873 366 474 843 758 889 645 185 625 331 842 491 38 739 191 225 544 350 243 388 422 505 402 643 617 285 531 917 95 722 666 167 920 422 23 616 315 577 108 871 748 327 631 750 136 594 644 394 765 273 146 52
247 375 959 890 295 873 158 12 309 536 234 293 327 511 318 557 623 618 461 339 101 372 514 656 779 457 750 773 29 472 734 749 177 387 146 268 613 985 340 459 56 973 934 637 789 214 705 720 363 732 726 997 73 865 121 986 452 819 826 529 194 441 643 212
622 738 935 204 441 231 227 380 517 708 243 836 187 892 759 161 424 799 83 49 768 885 834 235 218 70 895 69 308 938 970 811 600 756 141 243 22 158 498 891 901 177 988 102 182 886 505 711 619 221 931 45 958 734 105 669 79 607 561 393 293 583 23 488
692 642 906 298 190 616 447 758 108 919 593 542 952 590 918 265 292 421 819 508 916 917 78 580 64 861 55 747 754 253 974 77 871 946 690 312 716 701 619 666 228 912 292 261 947 725 586 372 223 607 154 324 817 675 606 264 547 765 21 689 184 3 358 341
442 986 583 689 107 219 41 964 701 988 569 720 695 798 809 831 175 944 180 965 707 895 468 255 720 648 394 211 272 684 544 171 206 678 707 104 45 994 413 893 243 113 345 118 284 293 571 592 952 885 883 915 90 151 413 433 174 153 372 931 790 419 152 780
239 838 360 460 455 193 38 413 187 946 639 996 239 883 428 357 734 60 270 966 575 150 292 612 185 845 590 63 486 201 778 110 1000 513 429 891 141 79 301 854 145 813 51 560 813 499 18 237 103 542 567 792 613 584 752 562 501 804 603 976 782 667 922 601
973 578 453 501 971 214 522 968 113 801 418 913 406 226 538 768 328 162 424 492 982 875 454 308 705 736 159 738 655 685 662 328 906 989 642 848 570 772 54 814 773 270 2 565 368 649 786 442 899 216 79 764 683 682 232 504 954 255 432 894 624 774 620 678
432 513 465 158 636 92 670 79 738 140 199 128 120 811 894 919 693 385 918 612 537 796 74 368 204 48 177 870 572 535 529 276 782 407 179 575 796 151 749 964 226 173 447 84 940 247 817 843 858 811 888 326 601 227 841 168 214 328 3 736 861 767 714 791
286 482 74 4 903 746 496 222 824 305 101 115 540 147 365 471 226 929 911 239 790 596 384 482 313 139 749 423 110 221 667 164 111 535 616 211 295 571 810 796 932 154 396 589 340 625 301 209 772 868 526 822 134 754 865 856 154 27 942 427 602 806 502 318
802 451 273 924 192 342 931 426 966 988 21 287 296 295 153 194 938 87 868 29 568 722 894 501 129 190 715 217 806 728 452 259 184 370 441 846 879 702 42 913 630 817 246 817 146 377 195 881 730 544 67 535 378 333 626 155 385 369 426 894 1 767 238 420
404 636 549 639 90 587 505 353 662 584 216 776 603 413 515 635 9 648 323 125 892 959 371 147 390 566 973 731 461 766 234 118 709 782 897 505 624 76 517 312 538 247 402 229 702 942 385 771 620 904 861 803 663 703 922 264 50 704 268 777 327 454 406 31
65 294 511 348 155 854 207 381 184 917 47 374 13 847 242 824 371 342 582 259 792 661 586 826 938 856 34 540 880 920 214 376 594 822 700 842 89 169 636 8 995 916 648 793 709 682 45 410 439 323 293 288 8 601 217 208 402 725 935 364 416 8 652 967
700 222 188 876 476 268 649 458 701 415 950 32 824 241 282 921 339 499 479 148 105 586 43 491 691 612 608 831 259 580 25 602 370 483 777 586 162 773 632 745 198 416 163 931 295 455 947 261 372 128 587 758 747 308 402 643 343 980 500 128 210 980 52 662
53 553 518 465 274 834 220 616 99 793 453 60 329 868 228 894 224 650 681 639 893 957 321 203 110 116 764 278 997 36 28 864 330 134 865 174 13 131 551 766 771 47 691 537 214 105 440 884 620 160 816 40 590 325 679 821 350 934 685 87 881 463 902 909
695 922 532 421 260 141 310 2 752 592 574 922 68 655 20 137 24 209 522 356 985 337 6 760 390 422 762 571 34 542 729 319 633 343 563 198 691 242 443 693 769 432 229 687 164 542 187 78 116 963 506 566 336 927 402 649 366 722 482 656 96 89 213 696
204 868 824 231 108 571 527 716 16 316 753 377 983 729 700 208 682 442 294 809 581 934 375 574 438 436 766 710 976 908 207 1 610 762 38 191 737 929 568 665 688 306 245 426 287 235 187 412 558 621 717 29 248 248 234 327 425 124 16 638 914 78 663 36
44 859 487 609 209 459 708 800 459 472 559 879 914 422 892 935 10 416 843 366 440 162 256 890 619 722 208 438 17 663 475 684 276 150 578 165 431 847 312 380 1000 686 59 374 214 980 728 324 784 674 242 340 148 773 425 621 690 1 331 962 89 192 627 958
394 591 268 890 329 595 781 343 928 813 206 337 640 732 472 339 81 397 223 205 174 425 154 936 950 754 929 442 95 119 484 968 916 247 411 900 370 674 982 720 93 443 237 174 338 256 844 350 910 257 536 646 783 583 469 809 702 72 262 138 380 437 389 671
39 970 189 428 240 200 70 389 869 40 561 186 843 146 364 838 397 188 228 996 567 241 313 908 955 37 902 308 252 988 737 222 148 128 327 165 562 324 932 706 553 952 546 565 48 281 371 107 303 239 293 418 8 565 882 42 855 578 538 260 285 688 190 702
328 762 257 128 707 347 991 819 976 224 897 170 217 706 958 273 878 499 216 719 224 440 777 387 159 23 869 924 144 380 77 930 953 789 477 897 922 233 685 706 779 13 603 832 706 915 148 778 400 702 376 511 146 254 316 408 514 672 130 845 675 286 320 943
419 308 285 17 86 834 150 305 965 793 820 192 626 824 479 981 712 125 917 90 126 900 182 572 125 502 768 832 264 743 63 42 239 404 130 715 704 159 633 333 550 275 677 603 527 308 207 856 386 327 64 924 834 125 275 783 11 388 47 111 137 571 147 497
815 797 598 521 18 845 32 89 532 133 798 633 880 905 128 408 899 796 51 33 268 430 402 233 421 983 322 755 185 170 105 744 263 537 408 130 678 422 433 960 178 723 45 205 773 341 546 909 222 841 717 250 70 494 192 972 784 298 965 739 49 812 209 390
188 879 976 693 860 815 434 409 231 39 441 165 12 511 295 258 471 163 51 504 493 888 479 764 340 393 453 811 272 664 265 111 798 262 435 479 469 392 60 203 285 184 818 275 516 191 458 452 316 472 177 259 494 52 342 589 498 721 343 839 782 48 792 369
